((("item" .
   [6 0 0 0])
  ("itemize" .
   [0 0 0 0 0 0 1])
  ("end" .
   [1 0 0])
  ("begin" .
   [1 0 0 0 0])
  ("title" .
   [1 0 0 0 0])
  ("time" .
   [1 0 0 0])
  ("chute" .
   [0 0 1 0 0])
  ("textit" .
   [0 0 0 0 0 1])
  ("author" .
   [0 0 1 0 0 0])
  ("if" .
   [1 0])
  ("defun" .
   [0 0 0 0 1])
  ("things" .
   [1 0 0 0 0 0])
  ("umění" .
   [1 0 0 3 2])
  ("Metodologie" .
   [0 0 0 1 2 0 0 1 0 0 0])
  ("dějin" .
   [0 0 0 0 2])
  ("metodologie" .
   [1 0 0 0 0 0 0 0 0 0 0])
  ("Žemlička" .
   [1 0 0 0 0 0 0 0])
  ("autonomii" .
   [0 0 0 0 0 0 0 1 0])
  ("diskurzu" .
   [0 0 0 1 0 0 0 0])))
